10 10
0 0 0 2 0 0 2 0 0 0 
0 2 0 0 0 0 0 0 0 0 
0 2 0 0 0 0 0 0 0 0 
4 0 0 2 2 2 2 0 0 0 
0 0 0 0 0 0 0 0 0 0 
2 0 0 2 0 2 2 2 0 0 
2 0 0 0 0 0 0 0 0 0 
0 0 0 0 0 0 3 0 0 2 
0 0 0 0 0 0 2 0 0 0 
2 2 2 0 0 0 0 0 0 0 
10 10
3 5 0 0 0 0 0 0 0 0 
5 4 0 0 0 0 0 2 0 2 
0 0 0 0 2 0 0 0 0 2 
0 0 0 0 0 0 0 0 0 0 
2 0 2 0 0 0 2 2 0 0 
0 0 2 0 0 0 0 0 0 0 
0 0 2 0 2 2 2 0 0 0 
0 0 2 0 0 0 0 0 0 0 
0 0 0 0 0 0 0 0 0 0 
2 2 2 0 0 0 0 0 2 2 
10
4 1 3211309 6553646 0 0 0 0 
3 1 0 0 0 0 0 
3 1 0 0 0 0 0 
2 1 4096 0 0 0 
2 1 0 0 0 0 
2 1 0 0 0 0 
1 1 0 0 0 
1 1 4 13843 0 
1 1 0 0 0 
1 0 0 0 0 
10
4 0 0 0 0 0 0 0 
3 1 0 0 0 0 0 
3 1 0 0 0 0 0 
2 1 4096 0 0 0 
2 0 0 0 0 0 
2 0 0 0 0 0 
1 0 0 0 0 
1 0 4 13843 0 
1 1 0 0 0 
1 1 0 0 0 
4
BombardmentAbility

DoubleDamageAbility

ScannerAbility

ScannerAbility

2 6 7 0 3 