10 10
0 0 0 2 0 0 0 0 0 0 
2 0 0 0 0 2 2 0 0 0 
0 0 2 0 0 0 0 0 0 0 
0 0 2 0 0 0 0 0 2 2 
0 0 2 0 0 0 2 0 0 0 
0 0 2 4 0 0 2 0 0 0 
2 0 0 0 2 0 2 0 0 0 
2 0 2 0 0 0 0 0 0 0 
2 0 0 0 0 2 2 0 0 0 
0 0 0 0 0 0 0 0 0 0 
10 10
4 0 0 0 0 0 0 0 0 0 
0 2 0 0 0 0 0 0 0 2 
0 2 0 0 0 0 2 0 0 0 
0 2 0 0 0 0 0 0 0 0 
0 0 0 0 0 0 2 0 2 2 
0 2 2 2 0 0 0 0 0 0 
0 0 0 0 0 0 2 2 0 2 
0 0 0 0 0 0 0 0 0 2 
0 0 0 2 0 2 2 0 0 2 
0 0 0 0 0 0 0 0 0 2 
10
4 1 2 0 0 0 0 0 
3 0 7340111 7209061 0 0 0 
3 1 1162104643 1414088543 0 0 0 
2 1 1664234084 808465204 0 0 
2 0 0 0 0 0 
2 1 0 0 0 0 
1 1 0 0 0 
1 1 0 0 0 
1 1 0 0 0 
1 0 0 0 0 
10
4 1 0 0 0 0 0 0 
3 1 7340111 7209061 0 0 0 
3 0 1162104643 1414088543 0 0 0 
2 1 1664234084 808465204 0 0 
2 0 0 0 0 0 
2 1 0 0 0 0 
1 0 0 0 0 
1 1 0 0 0 
1 0 0 0 0 
1 0 0 0 0 
3
BombardmentAbility

DoubleDamageAbility

ScannerAbility

1 3 5 