10 10
0 0 2 2 2 2 0 0 2 0 
0 0 0 0 0 0 0 0 0 0 
0 0 2 0 0 0 0 2 0 0 
0 0 0 0 0 0 0 2 0 0 
0 0 0 0 0 0 0 0 0 0 
0 0 0 0 0 0 0 2 0 0 
2 0 0 2 2 2 0 2 0 2 
2 0 0 0 0 0 0 0 0 0 
0 0 0 0 0 0 0 0 0 0 
2 2 2 0 2 0 0 0 0 0 
10 10
4 0 0 2 0 0 0 0 0 0 
4 4 0 0 0 0 0 0 0 2 
4 2 2 2 0 0 0 0 0 2 
0 0 0 0 0 0 0 0 0 2 
0 0 0 0 2 0 2 0 0 2 
0 0 0 0 0 0 2 0 0 0 
0 2 2 2 0 0 0 0 0 0 
0 0 0 0 0 0 0 0 0 2 
0 0 0 0 0 0 2 2 0 0 
0 2 0 2 2 0 0 0 0 0 
10
4 1 0 0 0 0 0 0 
3 1 6881388 7798882 0 0 0 
3 1 0 0 0 0 0 
2 0 4096 0 0 0 
2 1 0 0 0 0 
2 0 0 0 0 0 
1 0 0 0 0 
1 0 0 0 0 
1 0 0 0 0 
1 1 0 0 0 
10
4 1 2 2 0 0 0 0 
3 0 3342445 6029362 0 0 0 
3 0 0 0 0 0 0 
2 0 4096 0 0 0 
2 1 164716148 601 0 0 
2 0 164699988 601 0 0 
1 1 0 0 0 
1 1 0 0 0 
1 0 0 0 0 
1 1 0 0 1 
2
DoubleDamageAbility

ScannerAbility

0 